Res_ID	min_stor	max_stor	init_stor	tr_1	tr_2	tr_3	tr_4	tr_5	tr_6	tr_7	tr_8	tr_9	tr_10	tr_11	tr_12
R01	1802.8	3320	2561.4	151.72	151.72	75.86	75.86	121.376	121.376	45.516	45.516	227.58	227.58	151.72	121.376
R02	5.06	670.65	337.855	66.559	66.559	33.2795	33.2795	53.2472	53.2472	19.9677	19.9677	99.8385	99.8385	66.559	53.2472
R03	12.23	375.36	193.795	36.313	36.313	18.1565	18.1565	29.0504	29.0504	10.8939	10.8939	54.4695	54.4695	36.313	29.0504
R04	28.31	382.06	205.185	35.375	35.375	17.6875	17.6875	28.3	28.3	10.6125	10.6125	53.0625	53.0625	35.375	28.3
R05	5.26	337.39	171.325	33.213	33.213	16.6065	16.6065	26.5704	26.5704	9.9639	9.9639	49.8195	49.8195	33.213	26.5704
R06	8.99	310.6	159.795	30.161	30.161	15.0805	15.0805	24.1288	24.1288	9.0483	9.0483	45.2415	45.2415	30.161	24.1288
R07	19.81	307.91	163.86	28.81	28.81	14.405	14.405	23.048	23.048	8.643	8.643	43.215	43.215	28.81	23.048
R08	31	305	168	27.4	27.4	13.7	13.7	21.92	21.92	8.22	8.22	41.1	41.1	27.4	21.92
R09	21.11	287.5	154.305	26.639	26.639	13.3195	13.3195	21.3112	21.3112	7.9917	7.9917	39.9585	39.9585	26.639	21.3112
R10	13.37	230.47	121.92	21.71	21.71	10.855	10.855	17.368	17.368	6.513	6.513	32.565	32.565	21.71	17.368
R11	28.31	241.69	135	21.338	21.338	10.669	10.669	17.0704	17.0704	6.4014	6.4014	32.007	32.007	21.338	17.0704
R12	61.5	216.3	138.9	15.48	15.48	7.74	7.74	12.384	12.384	4.644	4.644	23.22	23.22	15.48	12.384
R13	125.21	235.53	180.37	11.032	11.032	5.516	5.516	8.8256	8.8256	3.3096	3.3096	16.548	16.548	11.032	8.8256
R14	2.89	107.9	55.395	10.501	10.501	5.2505	5.2505	8.4008	8.4008	3.1503	3.1503	15.7515	15.7515	10.501	8.4008
R15	0.21	104.69	52.45	10.448	10.448	5.224	5.224	8.3584	8.3584	3.1344	3.1344	15.672	15.672	10.448	8.3584
R16	61.15	150.49	105.82	8.934	8.934	4.467	4.467	7.1472	7.1472	2.6802	2.6802	13.401	13.401	8.934	7.1472
R17	0.56	82.75	41.655	8.219	8.219	4.1095	4.1095	6.5752	6.5752	2.4657	2.4657	12.3285	12.3285	8.219	6.5752
R18	14.15	93.43	53.79	7.928	7.928	3.964	3.964	6.3424	6.3424	2.3784	2.3784	11.892	11.892	7.928	6.3424
R19	30	86	58	5.6	5.6	2.8	2.8	4.48	4.48	1.68	1.68	8.4	8.4	5.6	4.48
R20	15.65	67.95	41.8	5.23	5.23	2.615	2.615	4.184	4.184	1.569	1.569	7.845	7.845	5.23	4.184
R21	0.2	42.87	21.535	4.267	4.267	2.1335	2.1335	3.4136	3.4136	1.2801	1.2801	6.4005	6.4005	4.267	3.4136
R22	2.83	35.94	19.385	3.311	3.311	1.6555	1.6555	2.6488	2.6488	0.9933	0.9933	4.9665	4.9665	3.311	2.6488
R23	10.48	40.87	25.675	3.039	3.039	1.5195	1.5195	2.4312	2.4312	0.9117	0.9117	4.5585	4.5585	3.039	2.4312
R24	2.56	27.17	14.865	2.461	2.461	1.2305	1.2305	1.9688	1.9688	0.7383	0.7383	3.6915	3.6915	2.461	1.9688
R25	3.22	25.61	14.415	2.239	2.239	1.1195	1.1195	1.7912	1.7912	0.6717	0.6717	3.3585	3.3585	2.239	1.7912
R26	5.67	22.32	13.995	1.665	1.665	0.8325	0.8325	1.332	1.332	0.4995	0.4995	2.4975	2.4975	1.665	1.332
R27	1.32	17.37	9.345	1.605	1.605	0.8025	0.8025	1.284	1.284	0.4815	0.4815	2.4075	2.4075	1.605	1.284
R28	13	536	274.5	52.3	52.3	26.15	26.15	41.84	41.84	15.69	15.69	78.45	78.45	52.3	41.84
R29	42.5	363.7	203.1	32.12	32.12	16.06	16.06	25.696	25.696	9.636	9.636	48.18	48.18	32.12	25.696
R30	0.87	185.98	93.425	18.511	18.511	9.2555	9.2555	14.8088	14.8088	5.5533	5.5533	27.7665	27.7665	18.511	14.8088
R31	0.38	72.5	36.44	7.212	7.212	3.606	3.606	5.7696	5.7696	2.1636	2.1636	10.818	10.818	7.212	5.7696
R32	0.01	61.17	30.59	6.116	6.116	3.058	3.058	4.8928	4.8928	1.8348	1.8348	9.174	9.174	6.116	4.8928
R33	1.67	47.88	24.775	4.621	4.621	2.3105	2.3105	3.6968	3.6968	1.3863	1.3863	6.9315	6.9315	4.621	3.6968
R34	0	32.72	16.36	3.272	3.272	1.636	1.636	2.6176	2.6176	0.9816	0.9816	4.908	4.908	3.272	2.6176
R35	13.54	45.51	29.525	3.197	3.197	1.5985	1.5985	2.5576	2.5576	0.9591	0.9591	4.7955	4.7955	3.197	2.5576
R36	5.75	34.75	20.25	2.9	2.9	1.45	1.45	2.32	2.32	0.87	0.87	4.35	4.35	2.9	2.32
R37	4.1	32.05	18.075	2.795	2.795	1.3975	1.3975	2.236	2.236	0.8385	0.8385	4.1925	4.1925	2.795	2.236
R38	0	23.01	11.505	2.301	2.301	1.1505	1.1505	1.8408	1.8408	0.6903	0.6903	3.4515	3.4515	2.301	1.8408
R39	1.7	24.46	13.08	2.276	2.276	1.138	1.138	1.8208	1.8208	0.6828	0.6828	3.414	3.414	2.276	1.8208
R40	2.2	23.78	12.99	2.158	2.158	1.079	1.079	1.7264	1.7264	0.6474	0.6474	3.237	3.237	2.158	1.7264
R41	0.71	21.18	10.945	2.047	2.047	1.0235	1.0235	1.6376	1.6376	0.6141	0.6141	3.0705	3.0705	2.047	1.6376
R42	0.77	15.11	7.94	1.434	1.434	0.717	0.717	1.1472	1.1472	0.4302	0.4302	2.151	2.151	1.434	1.1472
R43	0.99	14.43	7.71	1.344	1.344	0.672	0.672	1.0752	1.0752	0.4032	0.4032	2.016	2.016	1.344	1.0752
R44	0.55	13.59	7.07	1.304	1.304	0.652	0.652	1.0432	1.0432	0.3912	0.3912	1.956	1.956	1.304	1.0432
R45	3.13	16.13	9.63	1.3	1.3	0.65	0.65	1.04	1.04	0.39	0.39	1.95	1.95	1.3	1.04
R46	0.26	11.88	6.07	1.162	1.162	0.581	0.581	0.9296	0.9296	0.3486	0.3486	1.743	1.743	1.162	0.9296
R47	0.5	12.03	6.265	1.153	1.153	0.5765	0.5765	0.9224	0.9224	0.3459	0.3459	1.7295	1.7295	1.153	0.9224
R48	0.23	11.73	5.98	1.15	1.15	0.575	0.575	0.92	0.92	0.345	0.345	1.725	1.725	1.15	0.92
R49	2.8	12.66	7.73	0.986	0.986	0.493	0.493	0.7888	0.7888	0.2958	0.2958	1.479	1.479	0.986	0.7888
R50	5.08	14.9	9.99	0.982	0.982	0.491	0.491	0.7856	0.7856	0.2946	0.2946	1.473	1.473	0.982	0.7856
R51	0.58	10.1	5.34	0.952	0.952	0.476	0.476	0.7616	0.7616	0.2856	0.2856	1.428	1.428	0.952	0.7616
R52	1.14	9.99	5.565	0.885	0.885	0.4425	0.4425	0.708	0.708	0.2655	0.2655	1.3275	1.3275	0.885	0.708
R53	2.02	10.84	6.43	0.882	0.882	0.441	0.441	0.7056	0.7056	0.2646	0.2646	1.323	1.323	0.882	0.7056
R54	2.57	11.2	6.885	0.863	0.863	0.4315	0.4315	0.6904	0.6904	0.2589	0.2589	1.2945	1.2945	0.863	0.6904
